3.2972785313891855
3.300654258892332
2.892524287738433
1.9394760869242518
0.8045342408310248
0.12076111441798254
0.2119360883879331
0.7498793746037542
1.0966237384517896
0.947131478806913
0.45845337455953405
-0.09287041834508791
-0.48660251511352115
-0.5829046477441455
-0.4495780646637204
-0.3404368912099027
-0.3694470918571966
-0.30832515697450447
0.07159338006809612
0.5362774541255924
0.5947984334564431
0.1448747872194982
-0.4193530091887663
-0.7380642662704862
-0.795703424803726
-0.699898678647008
-0.5152286860629562
-0.37525505092426137
-0.4273115755632997
-0.5698314904460364
-0.4945337125272342
-0.08689702136168442
0.40041330480777404
0.6789371364889867
0.7632320769038454
0.8168810074577024
0.812326721972811
0.5701578617081164
0.056533695432923636
-0.5197241974318949
-0.8741900629537938
-0.887163686852734
-0.7012020982857656
-0.540330862085364
-0.4722992443815901
-0.4186667121530441
-0.29188425645188154
-0.03939449973624143
0.3111904128713512
0.6083969701863179
0.6913773307023607
0.5025399998609146
0.08749835996985489
-0.3568758593407697
-0.5308091837471309
-0.32794651772198335
0.03788235314260646
0.32414431026238333
0.4878356676298772
0.5513863204073086
0.47565500784052794
0.2445160900488439
-0.0737021428169129
-0.3891239025383175
-0.6550509817705219
-0.8492142870979009
-0.8909725256720495
-0.6707949815913068
-0.2614016804736661
0.06859975806421126
0.1756415415000756
0.1576800896339403
0.11473642913489357
0.05933530120422148
0.07138264112798964
0.2932061830215069
0.711905282117737
1.0976081277611343
1.207127179388971
0.9608629934075665
0.42535833469000117
-0.2730911063028625
-0.9739757495168195
-1.4316094251217173
-1.3178466008906344
-0.43401771047029136
1.8840362641801587
9.238172876435616
27.71179249167056
57.293684159350164
85.64902278789597
97.39096056075564
88.219970295574
65.91371556317387
41.02470306008786
20.306235476381914
6.157168433573702
-1.8715610033949588
-5.7139045758108296
-7.515591423965134
-8.64843810889164
-9.49973130562131
-10.002254401912182
-10.2148749514202
-10.372333446142932
-10.537310073814183
-10.426732243427352
-9.76397347275315
-8.680578281020416
-7.55478881055933
-6.661475369907009
-6.161704263006868
-6.116742004194066
-6.3491437701940185
-6.572752852184408
-6.676853706866552
-6.685850008107309
-6.629195941006003
-6.517705260162927
-6.175974434177476
-5.383189992939492
-4.492688487066516
-4.270973434821997
-4.8262253806584
-5.442215158045769
-5.612373137749557
-5.517989180304539
-5.4647948625705
-5.431958281239247
-5.182780311736678
-4.536770330006618
-3.6100886967345787
-2.84440149190317
-2.6369968435956253
-2.9720652596924992
-3.549264610233024
-4.094921030918215
-4.3875832183149726
-4.263049246773448
-3.774456795182658
-3.1247578449756475
-2.485341707213962
-2.1037366604328724
-2.2945442370465514
-3.0196499877616247
-3.7513666457053603
-3.967460447242189
-3.610255551601824
-3.0035273673190943
-2.490721133385904
-2.210729010022078
-2.101783154786091
-2.0259183119659667
-1.897286577841271
-1.7395020874060094
-1.7058277297303164
-2.0277900431323417
-2.746912725536248
-3.507096411206817
-3.8600565662363806
-3.728925853183597
-3.349243351324276
-2.8764623647242615
-2.288675724091064
-1.6147431740756701
-1.0863607357271121
-0.9452961898906267
-1.0695894669606787
-1.031400194201609
-0.655429664493397
-0.20352303356514767
0.09481476256513588
0.3107271643031879
0.4717767100002277
0.3309001181094118
-0.22602419699450138
-0.7446714372318581
-0.5221084691519593
0.5418358292278072
1.6395521878446857
1.8276121980603648
0.922497401901353
-0.5239925174051336
-1.8353487499286416
-2.599309348296515
-2.6983263922239473
-2.277875193083446
-1.7172630926180261
-1.3907448617323155
-1.393638013318423
-1.6185853238307573
-1.9288098091614359
-2.1496164123938684
-2.189091767665701
-2.2231205402003695
-2.476965275953148
-2.853683465162703
-3.005321907560244
-2.7026446399772226
-1.981365712333627
-1.048157459153117
-0.21049824434010134
0.21712250135666977
0.11681349171684019
-0.3232091925448515
-0.7371597393693889
-0.8642699508279748
-0.755336882113312
-0.6512217857086569
-0.6706047179496295
-0.7306698878327325
-0.7380534276053368
-0.7095492239795362
-0.7047799887364192
-0.7720095961994105
-0.9798122447589321
-1.3798641069489292
-1.9000599542135461
-2.3273063519295363
-2.4316641621352346
-2.2336138030802033
-2.1484664551441313
-2.5423276076394075
-3.1497875927211396
-3.3423030697312157
-2.884325475289515
-2.050148379528494
-1.2207087078130172
-0.6918267574323806
-0.5435256320813835
-0.46348297361109303
-0.07981296482996925
0.5112958474399392
0.9208574478612519
0.9804736216069614
0.7582497683514617
0.27780198086603036
-0.5278669986544742
-1.6022008457936465
-2.5929676421407777
-3.0353308903753486
-2.7184375569124626
-1.773991422088912
-0.6185427422446423
0.02373996214070928
-0.5334252256530476
-2.1755813675819695
-3.7911886735908524
-4.178101535203467
-3.134613814655836
-1.5364024274833525
-0.47943806849085036
-0.47737355539936743
-1.2213888551144123
-1.9609098180384166
-2.28202642837509
-2.344152453007439
-2.2883803268012457
-1.9950512452622746
-1.5572652444332604
-1.355124587927861
-1.52949715125051
-1.8504368717474193
-2.1148929105745324
-2.3460293963019367
-2.5795675529810964
-2.6172740657044145
-2.1919543327032756
-1.4366962590920878
-0.8843328444068348
-0.8301520709126393
-1.0429778107829932
-1.283196881876485
-1.6354578550115875
-2.0631442034523886
-2.115453595314314
-1.4588069217417328
-0.4979835378508568
-0.11328546883722623
-0.6540340950015349
-1.4841249141173343
-1.780922010856635
-1.4537205637089023
-1.011492927841065
-0.8881845741891503
-1.1613910139055719
-1.637435139710945
-1.9475233535566439
-1.7860147282135586
-1.28967300018968
-0.9464486422946443
-0.9695667589042483
-1.028014610579298
-0.6995868912534178
-0.02082787101145911
0.49197291785505115
0.3513054535596254
-0.42507717443409376
-1.3040961009651042
-1.614938356714518
-1.0606240486278828
0.04220204359719304
1.0729387723712733
1.572428376407677
1.4158964611229692
0.7696706854022519
-0.060424542008945537
-0.823966956052578
-1.3418670555764098
-1.4279059022179137
-1.0382235941418951
-0.45137765768154736
-0.05672849571891092
0.003443927631519017
-0.16323432145129324
-0.39250690732759885
-0.5082494879579862
-0.38588897135654676
-0.10274536315059635
0.1270842359434745
0.1885544287584473
0.14590060578105657
0.15320687479508166
0.2884854314665066
0.3966901879995284
0.26223116730056795
-0.030327400720599584
-0.21117863800895798
-0.20433398695138116
-0.09638268013224582
0.05777922072560848
0.21084732369795667
0.2880400516510111
0.23117764732060664
0.025535188999969094
-0.251628104371834
-0.4241577992085279
-0.3870233623546451
-0.270756660562931
-0.3105305727950416
-0.5638825602157249
-0.8452534731358528
-0.912124658472524
-0.6638632838269105
-0.1760119770775086
0.40698350488035295
0.9523134128062507
1.3648697980209796
1.6398006365506657
1.7946702893667226
1.6642532287448972
0.9861815978870414
-0.16166075436280103
-1.2515009947545845
-1.795257191016308
-1.7492190824658174
-1.4066738700095227
-1.1354025671302175
-1.1825310822759274
-1.5170094449289775
-1.8742935088425066
-2.0176575611897856
-2.0176575611897856
