0.000000000,	2.000000000
0.585937500,	7.701796055
1.171875000,	8.925527573
1.757812500,	6.418542862
2.343750000,	9.890689850
2.929687500,	9.054024696
3.515625000,	7.689926624
4.101562500,	3.224116802
4.687500000,	12.383985519
5.273437500,	14.012499809
5.859375000,	16.022687912
6.445312500,	9.559644699
7.031250000,	5.286859512
7.617187500,	7.337277889
8.203125000,	4.586393833
8.789062500,	8.107349396
9.375000000,	9.885437965
9.960937500,	13.463463783
10.546875000,	16.073457718
11.132812500,	14.959280014
11.718750000,	16.003011703
12.304687500,	8.686390877
12.890625000,	5.917159557
13.476562500,	3.550715923
14.062500000,	11.696369171
14.648437500,	11.525331497
15.234375000,	20.289939880
15.820312500,	17.677042007
16.406250000,	13.397464752
16.992187500,	17.482755661
17.578125000,	6.156402111
18.164062500,	6.478484631
18.750000000,	13.241727829
19.335937500,	14.361962318
19.921875000,	10.848534584
20.507812500,	6.178144932
21.093750000,	1.668463945
21.679687500,	5.508945942
22.265625000,	5.981758118
22.851562500,	8.579881668
23.437500000,	12.291971207
24.023437500,	12.895872116
24.609375000,	9.074122429
25.195312500,	14.967577934
25.781250000,	9.878365517
26.367187500,	8.641223907
26.953125000,	9.217814445
27.539062500,	5.454851151
28.125000000,	7.618360519
28.710937500,	11.774937630
29.296875000,	13.230978966
29.882812500,	7.580862045
30.468750000,	6.005917072
31.054687500,	8.729070663
31.640625000,	4.786177158
32.226562500,	8.141976357
32.812500000,	14.983544350
33.398437500,	23.366128922
33.984375000,	22.101676941
34.570312500,	18.130283356
35.156250000,	11.303175926
35.742187500,	7.572319031
36.328125000,	9.112951279
36.914062500,	21.204090118
37.500000000,	14.869822502
38.085937500,	11.751479149
38.671875000,	15.326179504
39.257812500,	17.622421265
39.843750000,	24.822626114
40.429687500,	21.035503387
41.015625000,	10.634361267
41.601562500,	11.950106621
42.187500000,	8.318826675
42.773437500,	13.353208542
43.359375000,	32.715557098
43.945312500,	127.077514648
44.531250000,	558.080444336
45.117187500,	1492.431030273
45.703125000,	1990.840209961
46.289062500,	1344.925292969
46.875000000,	412.803344727
47.460937500,	181.100906372
48.046875000,	186.395217896
48.632812500,	185.380874634
49.218750000,	168.695358276
49.804687500,	148.539093018
50.390625000,	135.808822632
50.976562500,	135.722656250
51.562500000,	140.177551270
52.148437500,	131.125625610
52.734375000,	115.491508484
53.320312500,	105.449707031
53.906250000,	89.867584229
54.492187500,	85.455657959
55.078125000,	91.858757019
55.664062500,	98.763908386
56.250000000,	86.611465454
56.835937500,	77.831062317
57.421875000,	87.699905396
58.007812500,	97.826477051
58.593750000,	73.817825317
59.179687500,	50.385559082
59.765625000,	53.507511139
60.351562500,	73.021850586
60.937500000,	67.680473328
61.523437500,	56.506950378
62.109375000,	56.563774109
62.695312500,	50.616188049
63.281250000,	45.960224152
63.867187500,	46.718883514
64.453125000,	49.917228699
65.039062500,	52.332759857
65.625000000,	53.688247681
66.210937500,	54.655788422
66.796875000,	42.273693085
67.382812500,	37.227268219
67.968750000,	38.619796753
68.554687500,	29.171598434
69.140625000,	23.828401566
69.726562500,	23.445047379
70.312500000,	35.507614136
70.898437500,	47.141487122
71.484375000,	41.717025757
72.070312500,	24.770351410
72.656250000,	22.002099991
73.242187500,	32.221561432
73.828125000,	44.973915100
74.414062500,	54.668079376
75.000000000,	41.646755219
75.585937500,	19.423934937
76.171875000,	9.970414162
76.757812500,	25.051609039
77.343750000,	38.103672028
77.929687500,	43.008296967
78.515625000,	36.068134308
79.101562500,	31.770385742
79.687500000,	29.336997986
80.273437500,	15.828857422
80.859375000,	22.699029922
81.445312500,	31.688701630
82.031250000,	25.477539062
82.617187500,	17.682924271
83.203125000,	24.612024307
83.789062500,	36.071006775
84.375000000,	38.223346710
84.960937500,	30.168762207
85.546875000,	14.715135574
86.132812500,	16.358076096
86.718750000,	20.027624130
87.304687500,	33.989112854
87.890625000,	36.668640137
88.476562500,	32.527431488
89.062500000,	26.288015366
89.648437500,	21.514793396
90.234375000,	24.517663956
90.820312500,	28.434333801
91.406250000,	21.934911728
91.992187500,	19.285318375
92.578125000,	23.896923065
93.164062500,	37.128952026
93.750000000,	31.043661118
94.335937500,	14.884178162
94.921875000,	10.755331039
95.507812500,	17.786981583
96.093750000,	22.101886749
96.679687500,	20.964496613
97.265625000,	16.473373413
97.851562500,	20.288890839
98.437500000,	24.471027374
99.023437500,	18.000000000
99.609375000,	21.079969406
100.195312500,	18.235986710
100.781250000,	15.673365593
101.367187500,	24.233255386
101.953125000,	25.723188400
102.539062500,	24.568046570
103.125000000,	26.660060883
103.710937500,	32.067680359
104.296875000,	44.652462006
104.882812500,	33.641887665
105.468750000,	20.381605148
106.054687500,	21.120409012
106.640625000,	24.934911728
107.226562500,	23.020097733
107.812500000,	15.810826302
108.398437500,	12.996218681
108.984375000,	7.220265388
109.570312500,	13.044886589
110.156250000,	15.165435791
110.742187500,	17.927522659
111.328125000,	17.538320541
111.914062500,	21.423444748
112.500000000,	23.929553986
113.085937500,	31.122404099
113.671875000,	32.201183319
114.257812500,	19.656805038
114.843750000,	15.730366707
115.429687500,	16.740591049
116.015625000,	11.536010742
116.601562500,	6.653093338
117.187500000,	13.026154518
117.773437500,	24.144638062
118.359375000,	31.747873306
118.945312500,	37.628971100
119.531250000,	35.536571503
120.117187500,	36.019115448
120.703125000,	20.832708359
121.289062500,	21.022687912
121.875000000,	29.035503387
122.460937500,	42.729843140
123.046875000,	35.592697144
123.632812500,	16.724205017
124.218750000,	13.660515785
124.804687500,	15.956443787
125.390625000,	16.037149429
125.976562500,	16.023002625
126.562500000,	26.554777145
127.148437500,	33.083854675
127.734375000,	39.016807556
128.320312500,	39.610412598
128.906250000,	33.899127960
129.492187500,	21.781064987
130.078125000,	14.367178917
130.664062500,	7.892125607
131.250000000,	8.520605087
131.835937500,	13.433983803
132.421875000,	13.132383347
133.007812500,	14.806134224
133.593750000,	16.834459305
134.179687500,	16.437765121
134.765625000,	18.196315765
135.351562500,	20.258218765
135.937500000,	18.801338196
136.523437500,	19.657890320
137.109375000,	22.248519897
137.695312500,	17.599103928
138.281250000,	5.599874020
138.867187500,	6.108889580
139.453125000,	11.590875626
140.039062500,	18.026714325
140.625000000,	15.814467430
141.210937500,	18.248170853
141.796875000,	25.966386795
142.382812500,	27.627149582
142.968750000,	25.873252869
143.554687500,	26.295227051
144.140625000,	28.884492874
144.726562500,	29.325443268
145.312500000,	26.829837799
145.898437500,	23.988164902
146.484375000,	12.110465050
147.070312500,	9.984244347
147.656250000,	6.708728790
148.242187500,	6.546794415
148.828125000,	4.450964451
149.414062500,	16.196842194
150.000000000,	18.599628448
150.585937500,	10.335247040
151.171875000,	18.039915085
151.757812500,	16.308357239
152.343750000,	7.792899609
152.929687500,	4.479290009
153.515625000,	11.953328133
154.101562500,	17.120653152
154.687500000,	11.272294044
155.273437500,	3.583803177
155.859375000,	4.502608299
156.445312500,	9.471692085
157.031250000,	10.941178322
157.617187500,	8.676656723
158.203125000,	8.639053345
158.789062500,	14.800812721
159.375000000,	12.136479378
159.960937500,	12.781064987
160.546875000,	20.461538315
161.132812500,	25.589965820
161.718750000,	40.645984650
162.304687500,	155.029861450
162.890625000,	354.389373779
163.476562500,	399.587341309
164.062500000,	248.821395874
164.648437500,	70.162490845
165.234375000,	7.583522797
165.820312500,	5.863905430
166.406250000,	7.719477654
166.992187500,	10.729701042
167.578125000,	8.005917549
168.164062500,	6.810650826
168.750000000,	7.756976128
169.335937500,	7.124680519
169.921875000,	7.691327572
170.507812500,	7.612233639
171.093750000,	6.499492168
171.679687500,	6.464164257
172.265625000,	10.085640907
172.851562500,	6.285984516
173.437500000,	9.531423569
174.023437500,	10.500192642
174.609375000,	9.899303436
175.195312500,	8.828402519
175.781250000,	6.539442062
176.367187500,	4.250026226
176.953125000,	6.100766659
177.539062500,	4.639858723
178.125000000,	7.417177200
178.710937500,	7.254437923
179.296875000,	3.012709618
179.882812500,	4.340639114
180.468750000,	6.884667873
181.054687500,	4.091908455
181.640625000,	10.452084541
182.226562500,	9.201253891
182.812500000,	12.047337532
183.398437500,	12.526627541
183.984375000,	12.987045288
184.570312500,	8.964776993
185.156250000,	9.799061775
185.742187500,	6.106648922
186.328125000,	4.073946953
186.914062500,	10.186267853
187.500000000,	13.081825256
188.085937500,	9.898673058
188.671875000,	6.924337387
189.257812500,	6.120373726
189.843750000,	9.672175407
190.429687500,	17.094675064
191.015625000,	15.887329102
191.601562500,	12.145863533
192.187500000,	13.345295906
192.773437500,	7.085290909
193.359375000,	6.776408195
193.945312500,	8.346591949
194.531250000,	5.561289787
195.117187500,	6.262420654
195.703125000,	6.302405357
196.289062500,	4.478904724
196.875000000,	4.989916325
197.460937500,	4.343020439
198.046875000,	9.000000000
