2
7.701796055
8.925527573
6.418542862
9.89068985
9.054024696
7.689926624
3.224116802
12.38398552
14.01249981
16.02268791
9.559644699
5.286859512
7.337277889
4.586393833
8.107349396
9.885437965
13.46346378
16.07345772
14.95928001
16.0030117
8.686390877
5.917159557
3.550715923
11.69636917
11.5253315
20.28993988
17.67704201
13.39746475
17.48275566
6.156402111
6.478484631
13.24172783
14.36196232
10.84853458
6.178144932
1.668463945
5.508945942
5.981758118
8.579881668
12.29197121
12.89587212
9.074122429
14.96757793
9.878365517
8.641223907
9.217814445
5.454851151
7.618360519
11.77493763
13.23097897
7.580862045
6.005917072
8.729070663
4.786177158
8.141976357
14.98354435
23.36612892
22.10167694
18.13028336
11.30317593
7.572319031
9.112951279
21.20409012
14.8698225
11.75147915
15.3261795
17.62242127
24.82262611
21.03550339
10.63436127
11.95010662
8.318826675
13.35320854
32.7155571
127.0775146
558.0804443
1492.43103
1990.84021
1344.925293
412.8033447
181.1009064
186.3952179
185.3808746
168.6953583
148.539093
135.8088226
135.7226563
140.1775513
131.1256256
115.4915085
105.449707
89.86758423
85.45565796
91.85875702
98.76390839
86.61146545
77.83106232
87.6999054
97.82647705
73.81782532
50.38555908
53.50751114
73.02185059
67.68047333
56.50695038
56.56377411
50.61618805
45.96022415
46.71888351
49.9172287
52.33275986
53.68824768
54.65578842
42.27369309
37.22726822
38.61979675
29.17159843
23.82840157
23.44504738
35.50761414
47.14148712
41.71702576
24.77035141
22.00209999
32.22156143
44.9739151
54.66807938
41.64675522
19.42393494
9.970414162
25.05160904
38.10367203
43.00829697
36.06813431
31.77038574
29.33699799
15.82885742
22.69902992
31.68870163
25.47753906
17.68292427
24.61202431
36.07100678
38.22334671
30.16876221
14.71513557
16.3580761
20.02762413
33.98911285
36.66864014
32.52743149
26.28801537
21.5147934
24.51766396
28.4343338
21.93491173
19.28531838
23.89692307
37.12895203
31.04366112
14.88417816
10.75533104
17.78698158
22.10188675
20.96449661
16.47337341
20.28889084
24.47102737
18
21.07996941
18.23598671
15.67336559
24.23325539
25.7231884
24.56804657
26.66006088
32.06768036
44.65246201
33.64188767
20.38160515
21.12040901
24.93491173
23.02009773
15.8108263
12.99621868
7.220265388
13.04488659
15.16543579
17.92752266
17.53832054
21.42344475
23.92955399
31.1224041
32.20118332
19.65680504
15.73036671
16.74059105
11.53601074
6.653093338
13.02615452
24.14463806
31.74787331
37.6289711
35.5365715
36.01911545
20.83270836
21.02268791
29.03550339
42.72984314
35.59269714
16.72420502
13.66051579
15.95644379
16.03714943
16.02300263
26.55477715
33.08385468
39.01680756
39.6104126
33.89912796
21.78106499
14.36717892
7.892125607
8.520605087
13.4339838
13.13238335
14.80613422
16.83445931
16.43776512
18.19631577
20.25821877
18.8013382
19.65789032
22.2485199
17.59910393
5.59987402
6.10888958
11.59087563
18.02671433
15.81446743
18.24817085
25.9663868
27.62714958
25.87325287
26.29522705
28.88449287
29.32544327
26.8298378
23.9881649
12.11046505
9.984244347
6.70872879
6.546794415
4.450964451
16.19684219
18.59962845
10.33524704
18.03991509
16.30835724
7.792899609
4.479290009
11.95332813
17.12065315
11.27229404
3.583803177
4.502608299
9.471692085
10.94117832
8.676656723
8.639053345
14.80081272
12.13647938
12.78106499
20.46153832
25.58996582
40.64598465
155.0298615
354.3893738
399.5873413
248.8213959
70.16249085
7.583522797
5.86390543
7.719477654
10.72970104
8.005917549
6.810650826
7.756976128
7.124680519
7.691327572
7.612233639
6.499492168
6.464164257
10.08564091
6.285984516
9.531423569
10.50019264
9.899303436
8.828402519
6.539442062
4.250026226
6.100766659
4.639858723
7.4171772
7.254437923
3.012709618
4.340639114
6.884667873
4.091908455
10.45208454
9.201253891
12.04733753
12.52662754
12.98704529
8.964776993
9.799061775
6.106648922
4.073946953
10.18626785
13.08182526
9.898673058
6.924337387
6.120373726
9.672175407
17.09467506
15.8873291
12.14586353
13.34529591
7.085290909
6.776408195
8.346591949
5.561289787
6.262420654
6.302405357
4.478904724
4.989916325
4.343020439
9
