0.0
  0.0
  0.0
  0.0
  0.0
  -0.4764930698729586
  0.0
  0.0
  0.0
  -1.6015988490012205
  -11.615064253363016
  -13.930072530284178
  -3.53206214849115
  0.0
  0.0
  0.0
  -0.9417742517093757
  -2.6204992416955974
  -1.5159051742502925
  -4.260640920007063
  -9.844167730555455
  -9.558948132652404
  -3.3571112051054115
  -1.026301135909307
  -4.5806652465257685
  -9.341021217378511
  -13.595344558281795
  -13.506555843666774
  -5.494945960862879
  0.0
  0.0
  0.0
  0.0
  -2.069909697964249
  -9.459902972419968
  -6.2277071174048615
  0.0
  0.0
  0.0
  0.0
  -6.544512276244859
  -9.703048886014585
  -3.2018910937817964
  0.0
  0.0
  0.0
  -1.710425565319838
  -11.665198387480359
  -29.87160969196202
  -54.56278635906665
  -83.35000321317807
  -113.04207390319152
  -140.74073847341742
  -163.24525231878056
  -176.21168605102116
  -181.2576122507635
  -185.12788916237037
  -185.96415767863652
  -174.76231211367462
  -149.73153011783637
  -116.6029748516346
  -81.95312880383142
  -52.274763090640846
  -31.51238767206371
  -18.354433994217885
  -10.158943895649685
  -6.478161318546711
  -5.541060260640563
  -3.3397711573372817
  0.0
  0.0
  0.0
  0.0
  0.0
  0.0
  -8.197946248978354
  -14.808118149822718
  -15.160297481060098
  -10.83602753955708
  -5.65627327388745
  -1.9160430640516495
  0.0
  0.0
  0.0
  0.0
  0.0
  0.0
  0.0
  -2.9115521165970506
  -6.059943507707999
  -7.969720486376417
  -8.924758636866414
  -7.92131619631391
  -4.1837391900366185
  0.0
  0.0
  0.0
  0.0
  -2.971178764929931
  -6.998820937570258
  -8.932666393913507
  -6.7151059169764835
  0.0
  0.0
  0.0
  0.0
  0.0
  0.0
  -3.573891033288362
  -6.661035405298662
  -9.442839140071499
  -4.414377628886626
  0.0
  0.0
  0.0
  0.0
  0.0
  0.0
  0.0
  0.0
  0.0
  0.0
  0.0
  0.0
  -0.41740352494252875
  -2.4476029177135388
  -1.8717198060717237
  0.0
  0.0
  0.0
  0.0
  0.0  