0,  0.0,  362.87514652437534,  
1,  1.0,  366.68760660395793,  
2,  2.0,  378.3507533895125,  
3,  3.0,  382.10024361932,  
4,  4.0,  392.91124153343753,  
5,  5.0,  397.30713469400985,  
6,  6.0,  405.065444407855,  
7,  7.0,  413.8026923369052,  
8,  8.0,  417.72019462107477,  
9,  9.0,  431.6783860526225,  
10,  10.0,  425.18628318872163,  
11,  11.0,  450.2639665957784,  
12,  12.0,  424.32711897975867,  
13,  13.0,  501.15153046850344,  
14,  14.0,  169.96762819713337,  
15,  15.0,  -136.58777128938522,  
16,  16.0,  -189.68335182339433,  
17,  17.0,  -190.7316734343573,  
18,  18.0,  -185.61778836975503,  
19,  19.0,  -183.40914854012658,  
20,  20.0,  -175.13590305852028,  
21,  21.0,  -167.1005839475856,  
22,  22.0,  -159.74174224311696,  
23,  23.0,  -155.14092091386433,  
24,  24.0,  -148.10759681224468,  
25,  25.0,  -144.9713701857279,  
26,  26.0,  -137.192513129734,  
27,  27.0,  -132.77844952197924,  
28,  28.0,  -125.22183121515785,  
29,  29.0,  -120.21854005283687,  
30,  30.0,  -112.0265006350972,  
31,  31.0,  -110.8869814233397,  
32,  32.0,  -104.50337774088425,  
33,  33.0,  -101.41916057730492,  
34,  34.0,  -96.08303998405158,  
35,  35.0,  -94.95708766165386,  
36,  36.0,  -88.51351603308953,  
37,  37.0,  -87.08208285381149,  
38,  38.0,  -83.2541825699328,  
39,  39.0,  -80.85142069043093,  
40,  40.0,  -77.10038880237273,  
41,  41.0,  -77.43372663465101,  
42,  42.0,  -72.47719638978884,  
43,  43.0,  -73.87229101978613,  
44,  44.0,  -71.0096769227781,  
45,  45.0,  -73.06575937688385,  
46,  46.0,  -70.06174586643533,  
47,  47.0,  -68.70051759759826,  
48,  48.0,  -67.97613664728803,  
49,  49.0,  -70.56513252054073,  
50,  50.0,  -68.57994004888893,  
51,  51.0,  -70.24585391986385,  
52,  52.0,  -71.2344796012618,  
53,  53.0,  -71.94000428339872,  
54,  54.0,  -77.07302751877596,  
55,  55.0,  -75.45900692367928,  
56,  56.0,  -77.81377557684007,  
57,  57.0,  -81.39295484649296,  
58,  58.0,  -80.9124703177778,  
59,  59.0,  -86.40122603857407,  
60,  60.0,  -86.1896933728162,  
61,  61.0,  -93.53253029344697,  
62,  62.0,  -91.3724008276805,  
63,  63.0,  -96.99423688447092,  
64,  64.0,  -92.00455011086935,  
65,  65.0,  -98.84759850317482,  
66,  66.0,  -89.21022745066679,  
67,  67.0,  -88.31129827314727,  
68,  68.0,  -79.02441678546336,  
69,  69.0,  -77.18718230846022,  
70,  70.0,  -63.8548106777091,  
71,  71.0,  -56.82045444226014,  
72,  72.0,  -39.912203576256616,  
73,  73.0,  -34.182680094524585,  
74,  74.0,  -13.732107885114289,  
75,  75.0,  -6.500845890231091,  
76,  76.0,  9.798862376497539,  
77,  77.0,  17.541932298150414,  
78,  78.0,  37.519231073324875,  
79,  79.0,  45.367573166243176,  
80,  80.0,  60.487234067406064,  
81,  81.0,  69.75579806081561,  
82,  82.0,  83.3983419952823,  
83,  83.0,  87.92748627652333,  
84,  84.0,  107.10617035766376,  
85,  85.0,  110.27679314229022,  
86,  86.0,  129.85145845675225,  
87,  87.0,  134.21436041504114,  
88,  88.0,  153.4367325931512,  
89,  89.0,  154.370717325067,  
90,  90.0,  170.96671522335953,  
91,  91.0,  173.34633328820632,  
92,  92.0,  185.6926048558999,  
93,  93.0,  188.52326896230676,  
94,  94.0,  198.02519860991276,  
95,  95.0,  194.2245556861469,  
96,  96.0,  200.5797364090489,  
97,  97.0,  195.27083887876086,  
98,  98.0,  200.23613990636215,  
99,  99.0,  187.9799452446939,  
100,  100.0,  187.57373815902588,  
101,  101.0,  170.85456033082107,  
102,  102.0,  170.27949294793484,  
103,  103.0,  153.67530713962833,  
104,  104.0,  146.1929816878618,  
105,  105.0,  128.32529224959546,  
106,  106.0,  121.24399175451697,  
107,  107.0,  103.76362765468593,  
108,  108.0,  98.22265653746024,  
109,  109.0,  77.56748398700188,  
110,  110.0,  71.44270228846722,  
111,  111.0,  53.42701350151481,  
112,  112.0,  45.842311491556984,  
113,  113.0,  24.397575084943696,  
114,  114.0,  18.220523120452185,  
115,  115.0,  -3.8502324523426523,  
116,  116.0,  -13.460665532589246,  
117,  117.0,  -33.29365409436343,  
118,  118.0,  -44.716540999882454,  
119,  119.0,  -68.64809955347732,  
120,  120.0,  -80.68927635493594,  
121,  121.0,  -106.37280844260988,  
122,  122.0,  -115.15469501749408,  
123,  123.0,  -143.63869584521296,  
124,  124.0,  -153.97399749359397,  
125,  125.0,  -178.9079144157613,  
126,  126.0,  -190.12509460532362,  
127,  127.0,  -217.1404084458028,  
128,  128.0,  -230.45507664032482,  
129,  129.0,  -256.04281523114764,  
130,  130.0,  -267.58237954497554,  