0.0
3.053497942386832
6.338820301783265
10.283950617283951
13.543362292333486
14.53533506071229
13.253619875019053
11.539743828571751
11.62317924285104
13.897102406475978
16.301959096954217
16.988968637123374
16.588208286526633
15.825291299965295
14.55473922805358
13.597723916455024
13.591525333028471
13.857274369323223
13.348903847812068
12.270239255557234
12.51902220885407
14.55297593284655
16.056644057878795
15.335986236146761
13.485733621774072
12.301762063720664
11.707850346690298
10.995623496626893
10.622701605645709
10.835562304795644
10.590795973159183
9.335338227325291
8.280464099412809
8.746121578199164
10.331720146073609
11.537844957022509
11.973424226042388
12.6953173939265
13.98335542809839
14.676524601457794
14.078195658533387
12.555774696125175
10.851062239631
9.890922365312734
9.775967348255184
9.621625161285422
9.062633169841574
8.550830980829957
8.330754189448893
8.371685831758967
9.133687434566001
10.46648675692223
11.398653383613523
11.803664739993744
11.539909417934503
10.249749074366719
8.914359443943875
8.888143434634024
9.851866178295944
10.552646494304746
11.042326043562914
11.815587070583405
12.414539370666311
12.403503904307506
11.888123635218122
11.102308977140298
10.154545687782681
9.079262089299549
7.846350896229037
7.047876336380397
7.583509818722554
8.561860332382016
8.70246359045155
8.573825324795417
8.767887843992382
8.824852127966189
8.553105266072263
8.75103929171288
10.115739467020873
12.108100638897035
13.726966716249812
14.510034631692314
14.382827231420045
13.31381445479112
11.427317771417487
9.003558406169338
6.946815980689106
7.035530503499975
9.942279191646916
14.965502949024298
43.24531842230865
136.4028277797319
283.24570322966696
414.93532798539746
491.9424205303134
523.9730779881315
531.1009869960047
525.2189395381207
514.0361319464204
503.70763310023216
495.40740169357804
487.4321214729977
477.9521591714433
466.97135578020624
456.18849240724353
446.04812044982083
435.91015467630285
424.9381327636679
413.63653011044926
404.2093804735341
397.21713461314977
391.2079533482847
385.58777442069896
380.4153875495355
374.56049805183153
367.4438049583085
360.3464310724956
353.7748108290532
346.97206732186237
340.3562574556038
334.1350057864295
327.4596632020379
322.2797078456578
320.31667217780927
317.79601634785064
311.4045222087904
303.8175786920183
298.2307385612308
293.5657872271799
288.14878469536285
282.3761422330151
276.97713204667866
272.7461507355019
270.4714082841281
269.4070295962452
267.46271389914705
263.78894137758857
259.3534822851412
254.58912085924678
249.38940237077705
244.8727873541815
241.91295400315383
239.5994101580851
237.73482502200352
236.7910569694253
235.08683419016805
230.8503642752486
225.22108832183798
220.4964052000947
217.49124110300977
215.59322041860185
213.92934024352803
212.04609051521666
209.90642970880367
207.77733806460287
205.99542040297266
204.51061992620888
203.207603423907
201.4816716115771
197.9128638008751
192.64888450160518
187.8439177387793
184.5503215642026
181.88564100318743
179.2890122498895
177.38455123268636
176.61731163098935
176.68501722934909
176.34534117578548
174.47319882640946
172.60567833186425
172.6459209888309
173.60970224215058
173.93534629520192
174.01529447333064
175.0223902357504
176.0889715703884
175.19318573155792
172.57176521682663
170.95510966076617
173.0679725785483
177.84485325521246
181.0427553460951
180.68958102319277
177.85476825061338
173.9968618112563
170.1819235433923
167.1035165785518
165.37609250154162
164.94091747696484
164.30086873861956
162.70486263524393
160.86164407336946
158.56375907416296
155.71005781397477
153.4799767919712
151.89380044931897
149.38973625251285
145.5540241320721
141.7535120645426
139.17586462246348
137.9822503836186
138.0626478081509
139.26026303666558
140.49798230000854
140.59873342882932
139.47941573759186
137.74272616131574
136.49398511651955
136.22712883080658
136.05293846460805
135.25478385865472
134.2085128456671
133.45887890998986
132.91732958582875
132.25357412863463
131.48331163372836
130.54387320514013
128.87364244310604
126.22877032412333
123.06881073957466
120.06194812942636
118.23266937638753
117.3627166939704
114.76893609181998
109.7307219855479
105.19154761027347
103.01348976663972
102.27300063675403
102.12745025566203
102.55546818291585
102.22679960276014
100.78710466236826
100.73207769044511
102.70033167716532
104.55953187895652
105.46431308621419
106.00744437386443
106.0956189702729
105.07329725625196
102.26392220593374
97.76154974904505
93.45406817137275
90.91369685524417
90.12387967771419
91.24353880638733
93.56941953808423
93.78912436846305
89.12685633007897
81.29231189385365
75.05703105673336
73.48281065989619
75.25240445186854
77.13061686363402
77.101400959674
74.28943254038371
70.2975069191455
67.87145166344996
66.15337278448975
63.39242618997478
61.15135569379115
60.804005215076955
60.43475428714564
58.394580537445584
55.76092189414063
53.42327483673824
51.07313718822638
48.21948712761514
44.803377503270724
42.47366465288888
42.547334638006596
43.34512706864626
42.476521620899206
40.41878795498033
39.12458175055639
37.78041249226291
34.680321833002644
31.23961328930599
30.152854622462993
31.987069519842578
33.982029582329204
32.54755658025068
28.404919664653633
25.518031529841522
25.10704188533663
25.356769140747
24.85879338377707
23.410501517799798
21.02633961730918
17.99538701447877
15.85366275381274
15.819138919997934
16.16404344704105
14.885577242368138
12.861234571872897
11.979525248381336
13.169690659326228
15.356561301416633
16.15109127602572
14.5940779036767
11.408771970979856
8.327453087384871
7.620606056453686
9.600668804028352
12.517039121780266
15.080542337343175
16.56007258578784
16.441263625998644
15.183481739526519
13.464544700704296
11.271579069973185
9.160563493424586
8.49464990345961
9.340076111946717
10.181139606846275
10.123138306695873
9.66794644189329
8.966942547322306
7.934039596568834
7.488316023087076
8.027596992650142
8.714233858901444
8.945342862206475
8.893472205263407
8.789996208931674
9.119777431703369
10.259907295587753
10.730722085350765
9.72259659540312
9.007167281604262
9.089661827038436
9.076998533000094
9.232561897380032
9.765772083677723
10.24665880429179
10.51853336519107
10.427638655748538
9.70837415639936
8.696143988379147
8.290672553125603
8.603379155384383
8.606345489097299
7.638206976307156
6.088068819029701
4.749642252449438
4.26244179337684
4.719526554376276
5.807958632600642
7.4667254031188035
9.446277212784377
11.246552398137391
13.226190564361815
15.493868550641366
16.464640303192514
14.641728214621757
11.134769170988747
8.345476073640478
6.842839246815404
6.1030423767496425
5.760817297205265
4.852426984788444
2.7206806573030544
0.0
