2297.755626331676
2231.472966974432
2176.5888338955965
2284.2917258522725
2143.519941850142
2256.7158647017045
2176.6034046519885
2195.170743075284
2202.2634499289775
2232.987460049716
2268.376864346591
2188.72412109375
2206.082597212358
2170.0444890802555
2068.7501109730115
2219.834716796875
2200.1316472833805
2227.9481090198865
2182.8822132457385
2208.0024192116475
2149.2290482954545
2216.1216264204545
2223.540349786932
2170.285722212358
2174.374256480824
2227.3124445134945
2187.302723277699
2243.8481667258525
2290.82568359375
2217.470447887074
2249.0738414417615
2220.140935724432
2207.258866743608
2224.662775213068
2176.2833362926135
2203.0264892578125
2157.598211115057
2183.913407759233
2278.5366543856535
2268.466131036932
2174.202780983665
2188.2240988991475
2282.2059215198865
2172.705067027699
2202.6706986860795
2000.2680553089488
1790.6503573330965
1675.1272083629262
1471.2643821022727
1383.345791903409
1159.5077570134943
891.8510131835938
798.9945484508168
577.3869573419744
460.8378476229581
341.9158117120916
385.52976018732244
410.9788735129616
641.8396911621094
758.3306524103338
1006.9246881658381
1100.0797119140625
1328.163418856534
1480.4005903764205
1736.5541326349432
1905.336747602983
1996.229336825284
2137.130204634233
2182.4004350142045
2229.15126731179
2200.450761274858
2223.1075328480115
2249.012140447443
2209.9839311079545
2171.729081587358
2221.2791637073865
2235.9529252485795
2250.460049715909
2237.8741344105115
2269.206365411932
2356.0959694602275
2274.7951438210225
2285.3564009232955
2260.1969105113635
2274.7553488991475
2202.2795188210225
2265.340398615057
2292.1618874289775
2202.209461558949
2164.067804509943
2199.6128151633525
2168.628651012074
2226.323308771307
2269.4459339488635
2256.8507080078125
2296.627286044034
2271.7542835582385
2316.9283558238635
2222.240090110085
2180.0447998046875
2217.0480735085225
2298.071111505682
2313.9205433238635
2191.1934925426135
2242.3060191761365
2289.2371937144885
2288.2235884232955
2252.4679620916195
2241.916847922585
2234.9420942826705
2235.188232421875
2290.2361283735795
2308.7310014204545
2356.7946333451705
2314.763028231534
2277.345791903409
2290.3434836647725
2283.755437677557
2292.7084738991475
2295.3135875355115
2314.711115056818
2300.69091796875
2251.784002130682
2232.812411221591
2311.1839710582385
2339.6816850142045
2274.8535378196025
2268.0110085227275
2311.6910289417615
2322.444735440341
2293.538729580966
2307.081698330966 