2297.755626331676 
2230.918388341386
2175.479676629505 
2282.627989953135 
2141.3016273179587
2253.9429715364754
2173.2759328537136
2191.2886926439637
2197.8268208646114
2227.996252352304
2262.8310780161332
2182.6237561302464
2199.4276536158086
2162.8349668506603
2060.9860101103704
2211.516037301188
2191.258389154648
2218.520272258108
2172.899797850914
2197.4654251837774
2138.137475634539
2204.475475126493
2211.339619859925
2157.530413652305
2161.064369287725
2213.44797868735
2172.8836788185085
2228.874543633616
2275.297481868468
2201.387667528746
2232.4364824503878
2202.9489981000124
2189.5123504861426
2206.361680322557
2157.427662769057
2183.61623710121
2137.633380325409
2163.393998336539
2257.4626663299136
2246.8375643481463
2152.0196356618335
2165.48637494427
2258.9136189319634
2148.85818580673
2178.2692388320647
1975.3120168218884
1765.1397402129903
1649.0620126097742
1444.644607716075
1356.1714388841654
1131.778825361205
863.5675028982586
770.1564595324359
547.9942897905477
430.89060143848565
311.4139868945733
354.4733567367584
379.36789142935174
609.6741304454538
725.6105130606323
973.6499701830909
1066.2504152982694
1293.7795436076951
1445.462136494536
1701.061100120013
1869.2891364550069
1959.627147044262
2099.9734362201652
2144.689087967091
2190.8853416316306
2161.630256961653
2183.7324499017604
2209.082478868146
2169.4996908956123
2130.69026274197
2179.6857662289526
2193.8049491371
2207.7574949713835
2194.61700103294
2225.394653401315
2311.7296788165645
2229.8742745443137
2239.880953013541
2214.166883968563
2228.1707437233013
2155.1403350121304
2217.6466361731195
2243.913546353994
2153.40654185092
2114.710306168868
2149.7007381892317
2118.1619954049074
2175.3020745310946
2217.8701210756053
2204.7203165015085
2243.942315904684
2218.514734785843
2263.134228418422
2167.8913840715977
2125.141515133155
2161.590210203944
2242.0586695680577
2257.3535227531934
2134.0718933388976
2184.6298413393747
2231.006437244681
2229.438253320442
2193.1280483557202
2182.02235555364
2174.4930232806796
2174.1845827868383
2228.677900105497
2246.618194519326
2294.127247810997
2251.5410640643145
2213.5692491031436
2226.0123622314613
2218.8697376112
2227.2681951997447
2229.318730203063
2248.1616790913235
2233.5869033702097
2184.125408899096
2164.599239356959
2242.4162205605608
2270.359355883481
2204.9766300558335
2197.5795221259127
2240.704963911901
2250.9040917774346
2221.4435072850138
2234.431897401968