2300.7727272727275
2232.0409601384945
2172.160577947443
2286.3315762606535
2143.5099542791195
2257.3068625710225
2175.18906471946
2198.881758256392
2200.5395951704545
2233.54931640625
2267.731756036932
2189.1045143821025
2201.917635830966
2174.3202681107955
2069.1231800426135
2217.0104758522725
2195.329245827415
2226.299649325284
2186.6193514737215
2209.176846590909
2149.5207075639205
2214.3061079545455
2227.2909712357955
2170.891046697443
2182.2772327769885
2222.797529740767
2190.8241965553975
2243.206853693182
2291.794100674716
2209.0640203302555
2245.405118075284
2221.3681862571025
2201.932461825284
2225.4021218039775
2174.511785333807
2193.7868874289775
2147.919034090909
2180.2540949041195
2278.418390447443
2268.482976740057
2180.7701305042615
2187.1417347301135
2276.878351384943
2181.0072132457385
2206.688387784091
2010.1765358664773
1777.6779341264205
1673.7335316051137
1478.8597966974432
1388.3057972301137
1165.3484108664773
896.4922207919034
799.7574962269176
575.2607976740056
468.5158802379261
344.01371626420456
363.56583057750356
406.46910233931106
628.82861328125
756.6980979225852
992.3363758433949
1094.1838822798295
1330.1905517578125
1462.5298073508523
1728.5780251242898
1906.056074662642
1989.028719815341
2135.84902121804
2179.833329634233
2228.7564808238635
2185.806385387074
2215.027676669034
2241.1015625
2207.1007856889205
2177.467840021307
2215.9797807173295
2242.9324174360795
2241.4038307883525
2236.6793989701705
2288.0354225852275
2368.1645729758525
2293.9123091264205
2281.996004971591
2265.455988103693
2278.8267711292615
2205.8427512428975
2265.9310413707385
2278.745194868608
2203.688953746449
2142.847101384943
2198.5115189985795
2175.385975230824
2234.794677734375
2259.374356356534
2263.622159090909
2299.089999112216
2262.4126198508525
2320.747958096591
2233.6948686079545
2192.4303755326705
2210.2073197798295
2293.542413884943
2307.3795276988635
2191.8504638671875
2233.596124822443
2293.8527388139205
2299.214510830966
2267.4058061079545
2256.121337890625
2235.7045454545455
2250.753750887784
2297.802911931818
2312.916814630682
2349.304532137784
2300.3686079545455
2271.7223899147725
2299.7634499289775
2281.7980513139205
2276.405340021307
2282.581387606534
2299.2938121448865
2290.9079145951705
2254.1758256392045
2237.0405717329545
2316.2480912642045
2327.3598854758525
2268.1482377485795
2273.4560546875
2317.8123002485795
2319.489102450284
2288.991943359375
2303.2411665482955