2297.827059659091
2230.786277077415
2175.7960981889205
2283.863214666193
2143.7550936612215
2256.9284446022725
2176.2920476740055
2195.4206099076705
2201.6718528053975
2233.0134499289775
2268.798184481534
2188.994207208807
2205.1608553799715
2170.504705255682
2068.9875044389205
2219.5241366299715
2200.2277610085225
2227.423683860085
2182.985751065341
2207.0553977272725
2149.3207674893465
2215.6016068892045
2223.802423650568
2171.0795676491475
2174.3264715021305
2226.567072088068
2187.4143399325285
2243.84316184304
2290.1960671164775
2215.9927867542615
2249.3390891335225
2220.4110884232955
2206.8560125177555
2224.0856711647725
2176.116299715909
2202.5815762606535
2156.5352894176135
2183.0993874289775
2278.2663907137785
2268.4115988991475
2174.1012961647725
2188.9001020951705
2282.194180575284
2172.2131125710225
2202.4544566761365
2000.1349431818182
1790.1444313742898
1674.3995361328125
1471.7249866832387
1383.8961181640625
1159.7028475674715
891.6609219637784
799.0045360218395
577.1211381392045
461.39574640447444
341.6757340864702
384.4719307639382
411.0829772949219
641.5061700994319
758.6019092906605
1006.6747880415483
1100.0262451171875
1328.4183349609375
1480.6303045099432
1736.2795854048295
1904.8259055397727
1995.6623868075285
2137.069813121449
2182.311290394176
2229.2297807173295
2200.8348388671875
2223.0625443892045
2249.0834517045455
2210.299072265625
2172.369540127841
2221.239923650568
2235.831698330966
2250.0998313210225
2238.126642400568
2269.904962713068
2356.5389293323865
2274.8620383522725
2285.4119096235795
2259.869562322443
2274.8564897017045
2202.0321821732955
2265.029607599432
2291.723077947443
2202.6987526633525
2164.211359197443
2199.5063254616475
2168.702559037642
2225.9297984730115
2268.999844637784
2256.1815185546875
2296.4698375355115
2272.0064808238635
2317.702947443182
2221.744873046875
2179.806873668324
2217.1980424360795
2298.3411088423295
2314.1561390269885
2191.022960316051
2242.24609375
2289.323175603693
2288.091375177557
2252.339533025568
2241.701005415483
2234.6294167258525
2235.2316339666195
2290.576504794034
2308.3232421875
2356.506658380682
2314.4936079545455
2277.3904252485795
2291.1000532670455
2283.8359153053975
2292.8685413707385
2295.6829944957385
2315.067560369318
2300.61376953125
2250.9498180042615
2232.681795987216
2311.6738503196025
2339.9328169389205
2274.9307972301135
2267.546142578125
2311.187810724432
2322.240300958807
2293.3461470170455
2307.181551846591