2084.6303932883525
2125.1004749914896
2175.9089245035752
2197.989857147764
2185.891368627179
2154.922962670515
2218.603726635726
2116.3495207855963
2172.4211982806364
2198.482344436899
2207.7112928836436
2223.6423675732867
2157.910800217475
2140.592241118055
2074.888106290652
2185.778986555579
2239.5646866003353
2256.1974325435294
2132.2973859618655
2193.498935172105
2165.3869412360373
2210.9677740045154
2182.452049155806
2113.333008433517
2102.1810753106597
2241.4020891870923
2130.812589480428
2130.0383973909516
2128.0638324321567
2107.1300722496408
2029.79402380363
2142.6231919769375
2164.8251406900176
2116.300682265314
2123.211759618309
2207.7617085977245
2091.2426323640716
2053.1385619010157
2107.967053138954
2176.0697142987674
2189.37100605162
2188.569081806604
2161.474965622667
2093.5349798542134
2082.450052235617
2184.5275558137546
2173.5079136177437
2106.969272842188
2173.0637552910634
2141.5955046966155
2120.537354865661
2012.1955136284578
1925.8322767946631
1768.2096294495047
1570.1127611348861
1428.6666052670005
1145.6822802318563
1008.832454486485
836.5187781995652
650.7515801841298
367.68472174610923
323.89421801112485
206.93902824653287
185.8928357575535
174.32592946242178
193.92341095692962
166.67369465869064
167.5389963380795
177.95929277399358
181.11375960341795
132.84213307124787
171.62467801457495
174.05948486530616
203.20225305858887
191.98345314773448
224.84159082565847
209.05514592856477
214.80271980810457
141.36320290062378
131.09369595297073
129.64324959103325
142.63921574907093
138.8834805521281
151.2295034451178
136.8226514435319
160.0488866001491
161.20690456593712
225.58088780272124
188.64203187823938
195.07466365794787
180.26654989322273
171.58545999879235
158.5831836918975
155.01115946019792
137.92571026844865
126.97816585075834
147.77601605309644
163.87388734030668
159.8299385869008
156.73030080206738
169.25492712745233
131.5788573746235
122.54685209156567
119.97467804630075
96.78262956699824
141.72379794560584
199.95559562441767
232.50625621826853
226.8238776497437
182.54535761282395
177.27426721901503
190.81149869132827
166.24136654947245
150.42708337889684
127.03454481503289
156.63390452775803
613.1135451686614
1625.0059513124947
2128.4379803700353
2119.611198170473
2196.608179731565
2156.9233764027417
2186.217576980169
2124.188890483732
2112.889585201784
2119.530687412733
2159.321847329649
2112.8641835604844
2105.7670045214345
2137.502788905679
2109.4663564930497
2174.5861962750223