35.424314317304834
26.30363353710345
16.055758441085345
7.319521303468264
0.7937519015272301
-0.4764930698729586
3.8111221298277087
8.064444463119798
6.629213553390855
-1.6015988490012205
-11.615064253363016
-13.930072530284178
-3.53206214849115
10.817117976529971
14.751429757535334
7.08871576619913
-0.9417742517093757
-2.6204992416955974
-1.5159051742502925
-4.260640920007063
-9.844167730555455
-9.558948132652404
-3.3571112051054115
-1.026301135909307
-4.5806652465257685
-9.341021217378511
-13.595344558281795
-13.506555843666774
-5.494945960862879
3.729658005959209
7.083102368312211
7.436938599820223
5.594961140619944
-2.069909697964249
-9.459902972419968
-6.2277071174048615
5.556019981835561
14.835092464658828
14.531755023759615
5.011339794452397
-6.544512276244859
-9.703048886014585
-3.2018910937817964
2.785951450265202
3.1551798849232
1.655061014867897
-1.710425565319838
-11.665198387480359
-29.87160969196202
-54.56278635906665
-83.35000321317807
-113.04207390319152
-140.74073847341742
-163.24525231878056
-176.21168605102116
-181.2576122507635
-185.12788916237037
-185.96415767863652
-174.76231211367462
-149.73153011783637
-116.6029748516346
-81.95312880383142
-52.274763090640846
-31.51238767206371
-18.354433994217885
-10.158943895649685
-6.478161318546711
-5.541060260640563
-3.3397711573372817
1.206946226704389
5.704254231007411
8.440584605588839
9.202403996488357
7.164913919670198
0.8967145103615337
-8.197946248978354
-14.808118149822718
-15.160297481060098
-10.83602753955708
-5.65627327388745
-1.9160430640516495
0.4553614300799609
3.1936813467484058
7.518458002123964
11.354252669780749
11.186106168798403
7.028375827217047
1.6785652219871565
-2.9115521165970506
-6.059943507707999
-7.969720486376417
-8.924758636866414
-7.92131619631391
-4.1837391900366185
0.3251297560177875
2.9130445951825834
3.0680856849868405
1.0012730353847417
-2.971178764929931
-6.998820937570258
-8.932666393913507
-6.7151059169764835
0.0
0.0
0.0
0.0
0.0
0.0
0.0
0.0
0.0
0.0
0.0
0.0
0.0
0.0
0.0
0.0
0.0
0.0
0.0
0.0
0.0
0.0
0.0
0.0
0.0
0.0
0.0
0.0
0.0
0.0
