-0.0,  -0.0,  -0.0,  -0.0,  -0.0,  -1.2941668092344116,  -6.777828646937905,  -9.965618442041887,  -7.549962708685143,  -0.0,  -0.0,  -0.0,  -0.0,  -0.0,  -0.0,  -0.0,  -0.0,  -0.0,  -0.0,  -0.0,  -0.0,  -3.128816356106512,  -0.0,  -0.0,  -0.0,  -0.0,  -0.0,  -0.0,  -2.9653099764605315,  -6.391312784292381,  -6.143015535842267,  -3.668716613492336,  -0.0,  -0.0,  -0.0,  -0.0,  -3.0998522501128036,  -5.968578040621139,  -7.839657180295973,  -8.763808951505808,  -8.695952567903817,  -6.247916955001074,  -0.3671633109731829,  -0.0,  -0.0,  -0.0,  -0.0,  -0.0,  -0.0,  -0.0,  -3.203975806121605,  -11.240646643257776,  -16.22661008782208,  -14.956667059641205,  -9.21911966300317,  -2.5203011212467175,  -0.0,  -0.0,  -0.0,  -0.0,  -0.0,  -0.19221542595514052,  -1.2096623817230068,  -2.3070524056510635,  -3.035129972071047,  -5.394297877095596,  -13.700255310294153,  -30.594588686720556,  -57.972133847997355,  -94.7381760003525,  -130.51145982283077,  -154.75121617992403,  -169.30744208393799,  -180.01898561096857,  -186.33859122821104,  -185.613391396181,  -176.64502508001897,  -159.40464291177295,  -135.63851453948428,  -107.17399732456647,  -76.17367001098796,  -48.582179012789084,  -29.534195516065665,  -15.334794308484561,  -2.204389999072646,  -0.0,  -0.9019216019287342,  -9.315764940685767,  -11.952895044003526,  -5.25730684537757,  -0.0,  -0.0,  -0.0,  -0.0,  -4.914526384326564,  -4.3312816728789585,  -2.261469292381662,  -0.0,  -0.0,  -0.0,  -0.0,  -4.745568704427569,  -11.109556604005775,  -12.851859657120258,  -7.030898296306077,  -1.475489330076016,  -3.8441991173353927,  -8.784285292754703,  -8.799190160324542,  -5.118200477976643,  -4.417307351327963,  -8.689898241127139,  -9.397063082206842,  -0.0,  -0.0,  -0.0,  -0.0,  -5.987450033388086,  -11.420243861637573,  -7.8777952498026025,  -0.0,  -0.0,  -0.0,  -0.0,  -1.6680069612043553,  -2.113690046200645,  -0.0,  -0.0,  -0.0,  -0.0,  -0.0,  -0.0,  


-0.0
  -0.0
  -0.0
  -0.0
  -0.0
  -1.2941668092344116
  -6.777828646937905
  -9.965618442041887
  -7.549962708685143
  -0.0
  -0.0
  -0.0
  -0.0
  -0.0
  -0.0
  -0.0
  -0.0
  -0.0
  -0.0
  -0.0
  -0.0
  -3.128816356106512
  -0.0
  -0.0
  -0.0
  -0.0
  -0.0
  -0.0
  -2.9653099764605315
  -6.391312784292381
  -6.143015535842267
  -3.668716613492336
  -0.0
  -0.0
  -0.0
  -0.0
  -3.0998522501128036
  -5.968578040621139
  -7.839657180295973
  -8.763808951505808
  -8.695952567903817
  -6.247916955001074
  -0.3671633109731829
  -0.0
  -0.0
  -0.0
  -0.0
  -0.0
  -0.0
  -0.0
  -3.203975806121605
  -11.240646643257776
  -16.22661008782208
  -14.956667059641205
  -9.21911966300317
  -2.5203011212467175
  -0.0
  -0.0
  -0.0
  -0.0
  -0.0
  -0.19221542595514052
  -1.2096623817230068
  -2.3070524056510635
  -3.035129972071047
  -5.394297877095596
  -13.700255310294153
  -30.594588686720556
  -57.972133847997355
  -94.7381760003525
  -130.51145982283077
  -154.75121617992403
  -169.30744208393799
  -180.01898561096857
  -186.33859122821104
  -185.613391396181
  -176.64502508001897
  -159.40464291177295
  -135.63851453948428
  -107.17399732456647
  -76.17367001098796
  -48.582179012789084
  -29.534195516065665
  -15.334794308484561
  -2.204389999072646
  -0.0
  -0.9019216019287342
  -9.315764940685767
  -11.952895044003526
  -5.25730684537757
  -0.0
  -0.0
  -0.0
  -0.0
  -4.914526384326564
  -4.3312816728789585
  -2.261469292381662
  -0.0
  -0.0
  -0.0
  -0.0
  -4.745568704427569
  -11.109556604005775
  -12.851859657120258
  -7.030898296306077
  -1.475489330076016
  -3.8441991173353927
  -8.784285292754703
  -8.799190160324542
  -5.118200477976643
  -4.417307351327963
  -8.689898241127139
  -9.397063082206842
  -0.0
  -0.0
  -0.0
  -0.0
  -5.987450033388086
  -11.420243861637573
  -7.8777952498026025
  -0.0
  -0.0
  -0.0
  -0.0
  -1.6680069612043553
  -2.113690046200645
  -0.0
  -0.0
  -0.0
  -0.0
  -0.0
  -0.0